acquireload
	Bandwidths: 
1000.000000, 1000.000000, 1000.000000, 1000.000000, 1000.000000
	Throughputs: 
2.604167, 2.604167, 2.610966, 2.610966, 2.610966
fillrandom
	Bandwidths: 
29.100000, 29.500000, 29.799999, 30.200001, 30.600000
	Throughputs: 
0.262674, 0.266880, 0.269251, 0.273075, 0.277008
snappyuncomp
	Bandwidths: 
5095.399902, 5149.799805, 5235.600098, 5297.299805, 5390.600098
	Throughputs: 
1.303781, 1.317523, 1.340483, 1.356852, 1.379310
snappycomp
	Bandwidths: 
697.799988, 702.400024, 709.099976, 715.200012, 728.400024
	Throughputs: 
0.178635, 0.179824, 0.181521, 0.183083, 0.186463
crc32c
	Bandwidths: 
2351.800049, 2355.300049, 2357.699951, 2362.399902, 2364.699951
	Throughputs: 
0.031250, 0.031250, 0.031250, 0.031250, 0.031250
fill100K
	Bandwidths: 
100.500000, 103.599998, 104.300003, 104.400002, 105.400002
	Throughputs: 
0.010000, 0.010000, 0.010000, 0.010000, 0.010000
readreverse
	Bandwidths: 
308.200012, 322.600006, 358.100006, 365.700012, 379.899994
	Throughputs: 
2.785515, 2.915452, 3.236246, 3.300330, 3.436426
readseq
	Bandwidths: 
465.600006, 485.399994, 521.700012, 545.099976, 562.400024
	Throughputs: 
4.201681, 4.385965, 4.716981, 4.926108, 5.076142
readrandom
	Bandwidths: 
1000000.000000, 1000000.000000, 1000000.000000, 1000000.000000, 1000000.000000
	Throughputs: 
0.174917, 0.201898, 0.223015, 0.267094, 0.296296
overwrite
	Bandwidths: 
22.799999, 23.700001, 25.000000, 25.400000, 25.900000
	Throughputs: 
0.206271, 0.213995, 0.226142, 0.229674, 0.234137
fillsync
	Bandwidths: 
0.000000, 0.000000, 0.000000, 0.000000, 0.000000
	Throughputs: 
0.000108, 0.000109, 0.000109, 0.000109, 0.000110
fillseq
	Bandwidths: 
41.799999, 43.500000, 43.900002, 44.099998, 44.400002
	Throughputs: 
0.377643, 0.392927, 0.397141, 0.399042, 0.401445
