acquireload_wComp,snappycomp_wComp,crc32c_wComp,fill100K_wComp,readreverse_wComp,readseq_wComp,fillseq,readrandom_wComp,readreverse,readseq,snappyuncomp_wComp,readrandom,overwrite,fillrandom,fillsync,
throughputs
2.610966,2.604167,2.604167,2.604167,2.604167,2.604167,2.610966,2.610966,2.610966,2.610966,2.610966,2.610966,2.610966,2.610966,2.604167,2.610966,2.610966,2.610966,2.610966,2.604167,
0.178827,0.180083,0.181951,0.178635,0.180440,0.185117,0.186463,0.184434,0.184809,0.181818,0.181521,0.179147,0.179083,0.180115,0.179824,0.183083,0.180505,0.181951,0.182615,0.179662,
0.031250,0.031250,0.031250,0.031250,0.031250,0.031250,0.031250,0.031250,0.031250,0.031250,0.031250,0.031250,0.031250,0.031250,0.031250,0.031250,0.031250,0.031250,0.031250,0.031250,
0.010000,0.010000,0.010000,0.010000,0.010000,0.010000,0.010000,0.010000,0.010000,0.010000,0.010000,0.010000,0.010000,0.010000,0.010000,0.010000,0.010000,0.010000,0.010000,0.010000,
3.246753,3.267974,3.289474,3.289474,3.278688,3.236246,3.311258,3.401361,3.300330,3.355705,3.424658,3.412969,3.300330,3.424658,3.257329,3.424658,3.436426,3.322259,3.267974,3.289474,
4.807692,4.784689,4.854369,4.807692,4.854369,4.739336,4.926108,5.076142,4.854369,5.076142,5.076142,5.000000,5.000000,5.076142,4.854369,5.050505,5.050505,4.926108,4.716981,4.950495,
0.378931,0.384763,0.397141,0.394166,0.390168,0.393856,0.397141,0.395413,0.399361,0.398565,0.399042,0.397298,0.392927,0.377643,0.401445,0.397772,0.399042,0.400641,0.396668,0.390016,
0.267094,0.269978,0.267451,0.263644,0.258465,0.251446,0.261643,0.293858,0.279564,0.288351,0.296296,0.288517,0.282965,0.293772,0.265745,0.290276,0.292056,0.285796,0.283849,0.283527,
2.785515,2.881844,2.832861,2.881844,2.857143,2.824859,2.865330,2.967359,2.865330,2.923977,2.915452,2.898551,2.923977,2.967359,2.849003,2.949853,2.941176,2.958580,2.915452,2.932551,
4.291846,4.237288,4.237288,4.273504,4.273504,4.201681,4.291846,4.545455,4.291846,4.484305,4.366812,4.484305,4.504505,4.444445,4.310345,4.484305,4.385965,4.484305,4.385965,4.484305,
1.356852,1.303781,1.371742,1.312336,1.340483,1.344086,1.308900,1.344086,1.329787,1.307190,1.371742,1.333333,1.351351,1.317523,1.379310,1.364257,1.340483,1.340483,1.303781,1.321004,
0.186150,0.204165,0.178827,0.204290,0.176305,0.198255,0.187266,0.206313,0.177462,0.200401,0.174917,0.199084,0.184536,0.208638,0.198649,0.236967,0.210393,0.223015,0.198373,0.229938,0.202511,0.232883,0.201898,0.223065,0.206058,0.229568,0.210970,0.226142,0.192790,0.221877,0.208420,0.229885,0.199920,0.220848,0.201979,0.229095,0.182249,0.215054,0.204165,0.228102,
0.208030,0.206271,0.225632,0.208899,0.226142,0.229148,0.225124,0.231481,0.226347,0.218055,0.232504,0.209600,0.230894,0.210438,0.234137,0.213995,0.222767,0.229674,0.226296,0.228154,
0.267380,0.266596,0.263019,0.269251,0.263644,0.266383,0.268962,0.273299,0.277008,0.267738,0.273598,0.271223,0.272480,0.269034,0.272109,0.273075,0.275179,0.266880,0.262674,0.271887,
0.000109,0.000109,0.000109,0.000109,0.000109,0.000109,0.000109,0.000109,0.000110,0.000109,0.000109,0.000109,0.000109,0.000108,0.000109,0.000109,0.000109,0.000109,0.000109,0.000109,
bandwidths
1000.000000,1000.000000,1000.000000,1000.000000,1000.000000,1000.000000,1000.000000,1000.000000,1000.000000,1000.000000,1000.000000,1000.000000,1000.000000,1000.000000,1000.000000,1000.000000,1000.000000,1000.000000,1000.000000,1000.000000,
698.500000,703.400024,710.799988,697.799988,704.799988,723.099976,728.400024,720.500000,721.900024,710.200012,709.099976,699.799988,699.500000,703.599976,702.400024,715.200012,705.099976,710.799988,713.299988,701.799988,
2354.300049,2356.100098,2361.199951,2362.399902,2354.399902,2359.600098,2359.300049,2353.699951,2357.300049,2355.300049,2351.800049,2364.699951,2357.600098,2363.600098,2357.699951,2362.699951,2362.000000,2356.899902,2362.500000,2353.399902,
102.300003,103.599998,100.500000,104.099998,105.400002,104.199997,105.000000,104.400002,104.300003,103.000000,104.400002,105.000000,104.500000,103.500000,104.400002,103.000000,104.300003,104.300003,103.900002,104.300003,
358.899994,361.200012,363.600006,364.100006,362.700012,358.100006,366.000000,376.700012,365.700012,371.799988,379.200012,377.700012,364.799988,379.000000,360.100006,379.299988,379.899994,367.700012,361.799988,363.899994,
531.400024,529.799988,536.099976,531.799988,536.099976,524.000000,544.599976,562.400024,536.299988,560.400024,561.400024,553.599976,553.000000,561.500000,536.599976,558.900024,560.099976,545.099976,521.700012,547.000000,
41.900002,42.599998,43.900002,43.599998,43.200001,43.599998,43.900002,43.700001,44.200001,44.099998,44.099998,44.000000,43.500000,41.799999,44.400002,44.000000,44.099998,44.299999,43.900002,43.200001,
1000000.000000,0.000000,0.000000,0.000000,0.000000,0.000000,0.000000,0.000000,0.000000,0.000000,0.000000,0.000000,0.000000,0.000000,0.000000,0.000000,0.000000,0.000000,0.000000,0.000000,
308.200012,319.000000,313.200012,318.399994,316.000000,312.799988,317.100006,328.600006,316.600006,323.700012,322.799988,320.299988,323.500000,327.899994,315.100006,326.399994,325.100006,327.000000,322.600006,324.600006,
474.000000,468.799988,467.799988,471.799988,473.399994,465.600006,474.000000,501.899994,474.600006,495.000000,483.399994,496.899994,499.100006,492.700012,476.100006,496.299988,485.600006,495.600006,485.399994,495.600006,
5297.299805,5095.600098,5361.600098,5126.000000,5239.700195,5247.000000,5114.399902,5250.700195,5196.299805,5103.000000,5361.899902,5209.299805,5281.500000,5149.799805,5390.600098,5329.899902,5235.600098,5235.500000,5095.399902,5161.000000,
1000000.000000,0.000000,0.000000,0.000000,0.000000,0.000000,0.000000,0.000000,0.000000,0.000000,0.000000,0.000000,0.000000,0.000000,0.000000,0.000000,0.000000,0.000000,0.000000,0.000000,0.000000,0.000000,0.000000,0.000000,0.000000,0.000000,0.000000,0.000000,0.000000,0.000000,0.000000,0.000000,0.000000,0.000000,0.000000,0.000000,0.000000,0.000000,0.000000,0.000000,
23.000000,22.799999,25.000000,23.100000,25.000000,25.299999,24.900000,25.600000,25.000000,24.100000,25.700001,23.200001,25.500000,23.299999,25.900000,23.700001,24.600000,25.400000,25.000000,25.200001,
29.600000,29.500000,29.100000,29.799999,29.200001,29.500000,29.799999,30.200001,30.600000,29.600000,30.299999,30.000000,30.100000,29.799999,30.100000,30.200001,30.400000,29.500000,29.100000,30.100000,
0.000000,0.000000,0.000000,0.000000,0.000000,0.000000,0.000000,0.000000,0.000000,0.000000,0.000000,0.000000,0.000000,0.000000,0.000000,0.000000,0.000000,0.000000,0.000000,0.000000,
